TILEMAP
32 15
16 16
images/Stage1-4_TileSheet.png
8 8
0,1,1,1,1,1,1,1,1,1,1,1,1,1,1,1,1,1,1,1,1,1,1,1,1,1,1,1,1,1,1,2
3,4,5,5,5,5,4,6,5,5,5,5,5,5,5,5,5,5,5,5,5,5,5,5,5,5,5,5,5,5,5,3
3,5,5,5,5,5,8,9,5,5,5,5,5,5,10,11,11,11,11,12,5,5,5,5,5,5,5,5,5,5,5,3
3,5,5,5,5,5,5,9,5,5,5,5,5,5,5,5,5,13,14,5,4,5,5,8,6,10,11,15,6,8,5,3
3,5,5,5,5,16,12,9,16,11,11,12,5,5,5,5,5,17,18,5,5,5,5,5,9,5,19,20,9,5,5,3
3,5,10,12,5,20,5,9,20,5,5,5,5,8,5,16,12,17,18,6,10,15,5,5,9,5,10,21,9,5,5,3
3,5,5,5,5,20,5,9,22,5,5,5,5,5,5,20,5,23,24,9,5,25,12,5,9,5,5,5,9,5,8,3
3,5,5,5,5,20,5,26,27,5,5,28,5,5,5,20,5,5,5,9,5,20,5,5,9,5,5,5,9,5,4,3
3,12,5,29,4,20,5,10,12,5,5,29,5,5,5,20,5,5,5,9,5,20,5,5,9,8,5,5,26,5,5,3
3,5,5,20,5,20,5,5,5,5,4,25,12,5,5,20,5,5,5,26,5,20,5,29,9,5,5,5,16,12,5,3
3,5,5,25,11,30,5,5,5,4,16,21,5,5,5,31,11,12,4,10,11,21,5,20,26,5,5,5,20,5,5,3
3,5,10,21,5,20,5,5,5,16,21,5,5,5,5,5,5,5,5,5,5,5,5,25,11,11,11,11,21,5,8,3
3,5,5,5,5,31,11,11,11,21,5,5,5,5,10,11,11,12,5,10,11,11,11,21,5,5,5,5,5,5,5,3
3,5,5,5,5,5,5,5,5,5,5,5,5,5,5,5,5,5,5,5,5,5,5,5,5,5,5,5,5,5,5,3
3,32,32,32,32,32,32,32,32,32,32,32,32,32,32,32,32,32,32,32,32,32,32,32,32,32,32,32,32,32,32,3
