TILEMAP
32 15
16 16
images/Stage1-3_TileSheet.png
8 4
0,1,1,1,1,1,1,1,1,1,1,1,1,1,1,1,1,1,1,1,1,1,1,1,1,1,1,1,1,1,1,2
3,4,4,4,4,4,4,4,4,4,4,4,4,4,4,4,4,4,4,4,4,5,4,4,4,4,4,4,4,5,4,3
3,5,4,4,4,4,4,4,4,4,4,4,4,4,4,4,4,4,4,4,4,4,4,4,4,4,4,4,4,4,4,3
3,4,4,4,4,4,4,4,4,4,4,4,4,4,4,4,4,6,7,4,4,4,4,4,4,4,4,4,4,4,4,3
3,4,4,4,4,8,4,4,4,4,4,8,4,5,4,4,4,9,10,11,12,13,5,14,13,15,4,4,4,4,4,3
3,4,4,11,12,16,15,14,12,12,12,16,15,14,12,12,13,9,10,17,4,4,4,4,4,18,14,12,19,4,20,3
3,4,4,17,4,4,18,4,4,4,4,4,18,4,4,4,4,21,22,23,4,4,5,4,4,18,4,4,17,4,4,3
3,4,4,17,4,4,18,4,4,4,4,4,18,4,4,4,4,4,4,4,4,5,4,5,4,18,4,4,17,4,4,3
3,20,4,17,5,4,24,4,4,4,4,4,18,4,4,4,4,4,4,4,4,14,12,13,4,18,4,14,25,13,4,3
3,4,4,26,13,5,14,13,4,4,4,4,18,4,4,4,4,4,4,4,20,4,4,4,20,18,4,27,17,4,4,3
3,4,4,17,4,4,4,4,4,4,4,4,18,8,4,4,4,5,8,4,4,4,4,4,4,18,14,12,16,4,4,3
3,4,14,16,4,4,4,4,4,8,4,4,24,26,28,28,28,28,29,4,4,4,4,4,4,18,4,4,4,4,20,3
3,4,4,4,4,4,4,4,4,26,28,28,28,25,25,25,25,25,29,4,4,4,4,4,4,24,4,4,4,4,4,3
3,4,4,4,4,4,4,11,28,25,25,25,25,25,25,25,25,25,25,28,28,28,28,28,28,19,4,4,4,4,4,3
3,30,5,14,12,12,12,31,31,31,31,31,31,31,31,31,31,31,31,31,31,31,31,31,31,31,12,12,12,13,5,3