TILEMAP
16 31
16 16
images/Stage1-2_TileSheet.png
8 4
0,1,1,1,1,1,1,1,1,1,1,1,1,1,1,2
3,4,4,4,4,4,4,4,4,4,4,4,4,4,4,3
3,4,4,4,4,4,4,4,4,4,4,4,4,5,4,3
3,4,4,4,4,4,4,4,4,4,4,4,4,4,4,3
3,4,4,4,4,4,4,4,4,4,4,4,4,4,4,3
3,6,7,4,4,6,8,7,5,9,10,7,4,4,4,3
3,4,4,4,4,4,4,4,6,11,12,4,4,4,4,3
3,4,4,4,4,4,4,4,4,13,14,4,4,4,4,3
3,4,4,4,6,8,8,8,8,8,15,4,4,6,7,3
3,4,4,4,4,4,4,4,4,4,4,4,4,4,4,3
3,4,4,4,4,4,4,4,4,4,4,4,4,4,4,3
3,6,8,7,4,4,4,4,4,4,4,4,16,4,4,3
3,4,4,4,17,18,19,4,4,4,4,4,4,4,4,3
3,4,4,4,14,20,21,4,4,4,4,5,4,4,4,3
3,4,5,4,22,20,21,6,8,7,4,6,8,8,7,3
3,4,4,4,4,23,24,4,4,4,4,4,4,4,4,3
3,4,4,4,4,4,4,4,4,4,4,4,4,4,4,3
3,5,4,4,4,4,16,4,4,4,4,4,4,4,4,3
3,6,7,4,4,4,4,4,6,7,25,4,4,4,4,3
3,4,4,4,4,4,4,4,4,4,26,4,4,4,4,3
3,4,4,4,6,7,4,4,4,4,26,4,4,4,4,3
3,4,4,4,4,4,16,4,4,4,26,4,4,4,4,3
3,4,4,4,4,4,4,16,4,4,26,4,4,4,4,3
3,4,4,16,4,4,4,4,4,4,26,6,8,8,27,3
3,4,16,4,4,5,4,4,4,4,26,4,4,4,14,3
3,4,4,4,4,4,4,4,17,4,28,4,4,4,14,3
3,4,4,4,4,4,4,9,11,10,10,8,10,10,12,3
3,6,8,7,4,4,6,15,5,29,15,5,29,11,15,3
3,4,4,4,4,4,4,4,4,4,4,4,4,4,4,3
3,4,4,4,4,4,4,4,4,4,4,4,4,4,4,3
3,30,30,30,30,30,30,30,30,30,30,30,30,30,30,3