TILEMAP
16 15
16 16
images/Stage1-1_TileSheet.png
8 4
0,1,1,1,1,1,1,1,1,1,1,1,1,1,1,2
3,4,4,5,4,4,4,4,4,5,4,4,4,5,4,3
3,4,4,4,4,4,4,4,4,4,4,4,4,4,4,3
3,4,4,4,4,4,4,4,4,4,4,4,4,4,4,3
3,4,4,4,4,4,4,4,4,4,4,4,4,4,4,3
3,4,6,7,8,4,6,8,5,9,10,4,4,11,4,3
3,4,4,4,4,4,4,4,6,12,13,4,4,14,4,3
3,4,4,4,4,4,4,4,4,15,14,4,4,14,5,3
3,16,4,4,4,6,7,7,7,7,17,4,6,12,8,3
3,4,4,18,4,4,4,4,4,4,4,4,4,4,4,3
3,6,8,19,4,4,4,4,4,4,4,4,4,4,4,3
3,4,4,19,16,4,4,4,4,4,4,6,8,4,4,3
3,4,4,19,4,4,4,4,4,4,4,4,4,4,4,3
3,5,4,20,4,4,4,4,4,5,4,4,4,4,4,3
3,21,21,21,21,21,21,21,21,21,21,21,21,21,21,3